Generation,Best,Average,Worst
0,4466.619894700373,5031.369321068119,5596.118747435864
1,3849.237956374861,4343.139324269241,4837.040692163621
2,3454.725824633662,3920.6434461082654,4386.561067582868
3,3250.6666303283782,3669.492400748448,4088.3181711685174
4,3019.419709367535,3475.2510094574673,3931.0823095474
5,2843.316206301529,3373.841971464197,3904.367736626865
6,2701.511983013347,3149.8394664430125,3598.1669498726774
7,2632.5656906277404,3078.4883183154006,3524.410946003061
8,2576.624769388394,3051.9298080784392,3527.2348467684847
9,2507.558760821901,3040.5705791031746,3573.582397384448
10,2467.919349521781,2958.525625433297,3449.1319013448137
11,2347.361473770838,2854.691152468309,3362.0208311657802
12,2336.676326036833,2885.1110801209907,3433.545834205148
13,2267.259834994991,2773.1592327740946,3279.058630553198
14,2257.550103472634,2709.6662036040575,3161.782303735481
15,2242.3410091187106,2717.9333640171712,3193.525718915632
16,2195.0550042005084,2625.7074138955154,3056.3598235905224
17,2136.5144935661556,2567.006116762765,2997.4977399593745
18,2134.571116534686,2588.2455412047602,3041.919965874835
19,2108.8675868237847,2613.6007358911365,3118.3338849584884
20,2075.602906197919,2455.9873020256655,2836.3716978534126
21,2030.8851240705383,2523.6896709874272,3016.4942179043164
22,2014.162167191725,2611.750590221979,3209.3390132522336
23,1991.3507653853167,2708.6911878868987,3426.031610388481
24,1981.8192032158784,2640.0919970726645,3298.3647909294505
25,1933.8809088428702,2399.8193085906123,2865.757708338355
26,1933.8809088428702,2394.425917387428,2854.970925931985
27,1904.6478121386588,2421.3438097884805,2938.0398074383024
28,1867.838230104011,2464.356239182376,3060.8742482607413
29,1857.1485492792267,2367.713177481693,2878.2778056841594
30,1844.5014803754307,2369.5640383048053,2894.62659623418
31,1790.8794870345478,2495.1162135785853,3199.3529401226224
32,1790.8794870345478,2309.2776140523974,2827.6757410702476
33,1721.7078416178156,2237.98365350333,2754.2594653888445
34,1721.7078416178156,2223.135862040176,2724.563882462536
35,1716.983169540846,2218.7254193456415,2720.4676691504374
36,1711.594743366704,2272.6863901005604,2833.7780368344165
37,1704.3819610261794,2231.5353510316227,2758.688741037066
38,1704.3819610261794,2278.3511492517255,2852.3203374772716
39,1704.3819610261794,2212.923781674872,2721.4656023235643
40,1691.954562433276,2202.771680649532,2713.588798865788
41,1681.8788013448627,2180.3830694782337,2678.887337611605
42,1674.7087278952401,2171.1560192526767,2667.6033106101136
43,1632.2891530799507,2290.8618288864345,2949.434504692919
44,1629.2711156203447,2095.328304192659,2561.3854927649727
45,1623.8251385991498,2121.428413317796,2619.031688036442
46,1615.5468354816098,2040.2743993258737,2465.0019631701375
47,1615.5468354816098,2087.196382137957,2558.845928794304
48,1609.0530769553752,2049.5253897861285,2489.997702616882
49,1607.8181249872193,2126.732349300315,2645.6465736134105
50,1594.0327333278265,2134.1674940394078,2674.3022547509886
51,1592.343066323237,2134.2752722773103,2676.2074782313834
52,1574.0640640587978,2132.1525784785886,2690.2410928983795
53,1574.0640640587978,2187.049647483376,2800.035230907954
54,1545.57406251553,2146.887632548557,2748.2012025815848
55,1539.4231384786967,2202.4386811654667,2865.4542238522367
56,1539.4231384786967,2069.3231921018823,2599.2232457250675
57,1539.4231384786967,2014.6221529313086,2489.8211673839205
58,1539.0118424862649,2107.5784294012933,2676.1450163163217
59,1539.0118424862649,2073.9685386762803,2608.9252348662963
60,1528.3568997958128,2021.8847527143214,2515.41260563283
61,1526.8805393488126,2060.990053436511,2595.0995675242093
62,1515.5869327464375,1972.254831869373,2428.9227309923085
63,1515.5869327464375,2045.0689819046847,2574.551031062932
64,1515.5869327464375,1989.1913566888193,2462.795780631201
65,1509.3279695144017,1881.24699319208,2253.166016869758
66,1497.4811121338432,1923.2157906209372,2348.9504691080315
67,1494.148170713789,2034.9229195859045,2575.69766845802
68,1487.4490604921168,2029.0128745073644,2570.5766885226117
69,1478.6077719476818,1926.4873577530138,2374.3669435583456
70,1478.6077719476818,1926.1480147169746,2373.6882574862675
71,1445.099627933393,1819.6813874699974,2194.2631470066017
72,1441.244765659119,1806.6931169868744,2172.14146831463
73,1441.244765659119,1874.2758467426236,2307.3069278261282
74,1441.244765659119,1754.6513866091316,2068.0580075591442
75,1441.244765659119,1713.9629477578494,1986.68112985658
76,1437.1493324249332,1735.0612845979758,2032.9732367710187
77,1437.1493324249332,1811.576681937518,2186.004031450103
78,1437.1493324249332,1758.8568970025776,2080.564461580222
79,1437.1493324249332,1745.5076031714648,2053.8658739179964
80,1437.1493324249332,1765.1868734750626,2093.224414525192
81,1437.1493324249332,1771.5863215075478,2106.0233105901625
82,1436.5765742580984,1768.8993343395111,2101.222094420924
83,1420.4375803463365,1767.9307070335276,2115.423833720719
84,1411.895970965668,1776.1720367763041,2140.4481025869404
85,1411.895970965668,1736.8845882378987,2061.873205510129
86,1411.866016303314,1726.8579576898578,2041.8498990764017
87,1410.8508105795984,1732.3801776802857,2053.9095447809727
88,1410.8508105795984,1729.6255113698344,2048.40021216007
89,1394.3522590414893,1772.833941555315,2151.315624069141
90,1394.3522590414893,1759.4680468389593,2124.583834636429
91,1393.5734184126193,1865.8007467444072,2338.028075076195
92,1391.0175758196988,1799.0282460001981,2207.0389161806975
93,1388.8977586107221,1794.582301806602,2200.2668450024817
94,1380.419984286288,1589.884630950699,1799.3492776151102
95,1375.9628443485597,1614.0996379550002,1852.236431561441
96,1375.0557402004722,1654.2390506522274,1933.422361103983
97,1369.4010926258497,1634.9876096714886,1900.5741267171275
98,1369.0823361294083,1573.8597561092088,1778.637176089009
99,1355.0438912093775,1603.2907427386965,1851.5375942680155
100,1355.0438912093775,1593.2050169796066,1831.3661427498357
101,1353.3073257073745,1562.2150207060079,1771.1227157046412
102,1346.7757682056179,1551.8546044008604,1756.9334405961026
103,1346.7757682056179,1573.2203731080665,1799.6649780105151
104,1346.7757682056179,1577.1749198334446,1807.5740714612714
105,1342.9631590377362,1637.7726401033228,1932.5821211689092
106,1336.6743914767003,1602.6829552278864,1868.6915189790723
107,1331.6500213959625,1629.7212066388693,1927.792391881776
108,1331.6500213959625,1641.7307718879738,1951.8115223799853
109,1329.1714203158576,1587.71702367111,1846.2626270263622
110,1313.0457148111495,1577.9113936758943,1842.777072540639
111,1313.0457148111495,1575.6808060828466,1838.3158973545437
112,1303.2325683285085,1562.1658771611535,1821.0991859937985
113,1303.2325683285085,1566.1001956372345,1828.9678229459605
114,1303.2325683285085,1622.6538958590388,1942.0752233895691
115,1297.2764410485547,1602.8721188702061,1908.4677966918575
116,1288.698239947913,1577.8824590316044,1867.0666781152959
117,1288.698239947913,1613.6157252198077,1938.5332104917024
118,1288.698239947913,1642.7121297080996,1996.7260194682863
119,1286.7505302690975,1634.25536569843,1981.760201127763
120,1284.9052737149314,1577.5026615880072,1870.100049461083
121,1284.9052737149314,1514.351913855286,1743.7985539956405
122,1284.9052737149314,1531.339747650686,1777.7742215864405
123,1280.5848967511379,1487.0670193200945,1693.549141889051
124,1274.2811455115307,1506.1707820968327,1738.0604186821347
125,1274.2811455115307,1558.9208871728083,1843.5606288340862
126,1266.6447001260403,1520.535979626155,1774.4272591262697
127,1266.6447001260403,1531.0906574268874,1795.5366147277346
128,1265.352950675296,1535.0729570964056,1804.7929635175153
129,1265.2657589926914,1585.0411864552793,1904.816613917867
130,1265.2657589926914,1490.978193537233,1716.6906280817748
131,1265.2657589926914,1538.6765008105076,1812.087242628324
132,1265.2416385336564,1485.5362505357903,1705.830862537924
133,1263.6672864657924,1461.4769230992397,1659.2865597326872
134,1263.6672864657924,1543.475414659807,1823.283542853822
135,1263.6672864657924,1547.8210044356283,1831.9747224054643
136,1258.3187174208397,1437.4399936628497,1616.5612699048597
137,1258.3187174208397,1466.9983549379986,1675.6779924551572
138,1255.629134064397,1466.4337004410586,1677.2382668177204
139,1253.0323208598995,1510.6148226114642,1768.1973243630287
140,1253.0323208598995,1561.7093926251805,1870.3864643904612
141,1251.2650608711444,1579.023259417373,1906.7814579636015
142,1251.2650608711444,1553.1623565025106,1855.0596521338769
143,1246.4217257777182,1605.494571664211,1964.5674175507036
144,1241.9395262373264,1522.5251284953779,1803.1107307534296
145,1239.5340057364526,1526.0918446358337,1812.6496835352145
146,1239.5340057364526,1526.0918446358337,1812.6496835352145
147,1238.4188061406014,1487.0627318239294,1735.7066575072574
148,1237.5960871338061,1466.956023328728,1696.3159595236496
149,1231.8879942511444,1443.7007162624782,1655.5134382738117
150,1231.8879942511444,1471.9833687997218,1712.0787433482992
151,1231.0436633006345,1401.5772924424834,1572.1109215843323
152,1231.0436633006345,1419.4294700382986,1607.8152767759627
153,1231.0436633006345,1349.8732092703835,1468.7027552401325
154,1230.027444109663,1382.6178923954433,1535.2083406812235
155,1226.3226318167854,1394.7780460733675,1563.2334603299496
156,1222.3193777611386,1360.8030195753154,1499.2866613894919
157,1222.0129190092293,1340.4975693233189,1458.9822196374084
158,1216.72900546279,1370.573381151674,1524.4177568405582
159,1211.6386657410333,1367.7207748499502,1523.8028839588671
160,1207.0977651142925,1346.428469262164,1485.7591734100356
161,1205.4896362598904,1332.4061312155727,1459.322626171255
162,1200.1736969608262,1345.355205077352,1490.5367131938774
163,1200.1736969608262,1312.0459417135921,1423.918186466358
164,1199.8155856363132,1333.160694862674,1466.505804089035
165,1194.3264736429558,1282.498552255143,1370.6706308673304
166,1194.3264736429558,1308.176131959852,1422.0257902767482
167,1194.3264736429558,1318.6588832528191,1442.9912928626823
168,1194.3264736429558,1283.5819447420076,1372.8374158410595
169,1194.3264736429558,1343.8546112134732,1493.3827487839906
170,1194.3264736429558,1345.3375349432263,1496.3485962434968
171,1194.3264736429558,1319.348709082119,1444.3709445212821
172,1194.3264736429558,1350.7148184978578,1507.1031633527598
173,1194.3264736429558,1341.7078342924829,1489.0891949420102
174,1192.811351980643,1327.8894171875718,1462.9674823945008
175,1192.811351980643,1325.2288086956623,1457.646265410682
176,1192.811351980643,1359.2248996130459,1525.6384472454488
177,1192.811351980643,1375.0347108661472,1557.2580697516514
178,1191.7426026678058,1370.2658978928266,1548.7891931178474
179,1191.7426026678058,1358.5053714218352,1525.2681401758646
180,1191.7426026678058,1367.0226330538912,1542.3026634399769
181,1191.7426026678058,1367.5570077103098,1543.371412752814
182,1191.3370734474524,1283.6122013430336,1375.8873292386147
183,1190.4092517012596,1236.8572914991353,1283.305331297011
184,1190.4092517012596,1232.0242818926233,1273.639312083987
185,1190.4092517012596,1228.1779538069852,1265.9466559127109
186,1190.4092517012596,1191.6103018409513,1192.811351980643
187,1184.635681274769,1196.7462000562225,1208.856718837676
188,1184.635681274769,1194.3255472294954,1204.0154131842219
189,1184.635681274769,1188.1891419712874,1191.7426026678058
190,1183.2749103636806,1187.5087565157432,1191.7426026678058
191,1183.2749103636806,1210.6188251044598,1237.962739845239
192,1183.2749103636806,1210.6188251044598,1237.962739845239
193,1183.2749103636806,1212.6369861963478,1241.999062029015
194,1182.4972944475735,1218.2543655566676,1254.0114366657617
195,1182.4972944475735,1226.4266850604643,1270.356075673355
196,1182.4972944475735,1226.4266850604643,1270.356075673355
197,1182.4972944475735,1226.0378771024107,1269.5784597572479
198,1182.4972944475735,1209.1980774476385,1235.8988604477036
199,1182.4972944475735,1209.1980774476385,1235.8988604477036
200,1182.4972944475735,1209.1980774476385,1235.8988604477036
201,1182.4972944475735,1208.9400351675608,1235.3827758875482
202,1182.4972944475735,1182.4972944475735,1182.4972944475735
203,1182.4972944475735,1182.4972944475735,1182.4972944475735
204,1182.4972944475735,1182.4972944475735,1182.4972944475735
205,1182.4972944475735,1182.4972944475735,1182.4972944475735
206,1182.4972944475735,1182.4972944475735,1182.4972944475735
207,1182.4972944475735,1182.4972944475735,1182.4972944475735
208,1182.4972944475735,1182.4972944475735,1182.4972944475735
209,1182.4972944475735,1182.4972944475735,1182.4972944475735
210,1182.4972944475735,1182.4972944475735,1182.4972944475735
211,1182.4972944475735,1182.4972944475735,1182.4972944475735
212,1182.4972944475735,1182.4972944475735,1182.4972944475735
213,1182.4972944475735,1182.4972944475735,1182.4972944475735
214,1182.4972944475735,1182.4972944475735,1182.4972944475735
215,1182.4972944475735,1182.4972944475735,1182.4972944475735
216,1182.4972944475735,1182.4972944475735,1182.4972944475735
217,1182.4972944475735,1182.4972944475735,1182.4972944475735
218,1182.4972944475735,1182.4972944475735,1182.4972944475735
219,1182.4972944475735,1182.4972944475735,1182.4972944475735
220,1182.4972944475735,1182.4972944475735,1182.4972944475735
221,1182.4972944475735,1182.4972944475735,1182.4972944475735
222,1182.4972944475735,1182.4972944475735,1182.4972944475735
223,1182.4972944475735,1182.4972944475735,1182.4972944475735
224,1182.4972944475735,1182.4972944475735,1182.4972944475735
225,1182.4972944475735,1182.4972944475735,1182.4972944475735
226,1182.4972944475735,1182.4972944475735,1182.4972944475735
227,1182.4972944475735,1182.4972944475735,1182.4972944475735
228,1182.4972944475735,1182.4972944475735,1182.4972944475735
229,1182.4972944475735,1182.4972944475735,1182.4972944475735
230,1182.4972944475735,1182.4972944475735,1182.4972944475735
231,1182.4972944475735,1182.4972944475735,1182.4972944475735
232,1182.4972944475735,1182.4972944475735,1182.4972944475735
233,1182.4972944475735,1182.4972944475735,1182.4972944475735
234,1182.4972944475735,1182.4972944475735,1182.4972944475735
235,1182.4972944475735,1182.4972944475735,1182.4972944475735
236,1182.4972944475735,1182.4972944475735,1182.4972944475735
237,1182.4972944475735,1182.4972944475735,1182.4972944475735
238,1182.4972944475735,1182.4972944475735,1182.4972944475735
239,1182.4972944475735,1182.4972944475735,1182.4972944475735
240,1182.4972944475735,1182.4972944475735,1182.4972944475735
241,1182.4972944475735,1182.4972944475735,1182.4972944475735
242,1182.4972944475735,1182.4972944475735,1182.4972944475735
243,1182.4972944475735,1182.4972944475735,1182.4972944475735
244,1182.4972944475735,1182.4972944475735,1182.4972944475735
245,1182.4972944475735,1182.4972944475735,1182.4972944475735
246,1182.4972944475735,1182.4972944475735,1182.4972944475735
247,1182.4972944475735,1182.4972944475735,1182.4972944475735
248,1182.4972944475735,1182.4972944475735,1182.4972944475735
249,1182.4972944475735,1182.4972944475735,1182.4972944475735
250,1182.4972944475735,1182.4972944475735,1182.4972944475735
251,1182.4972944475735,1182.4972944475735,1182.4972944475735
252,1182.4972944475735,1182.4972944475735,1182.4972944475735
253,1182.4972944475735,1182.4972944475735,1182.4972944475735
254,1182.4972944475735,1182.4972944475735,1182.4972944475735
255,1182.4972944475735,1182.4972944475735,1182.4972944475735
256,1182.4972944475735,1182.4972944475735,1182.4972944475735
257,1182.4972944475735,1182.4972944475735,1182.4972944475735
258,1182.4972944475735,1182.4972944475735,1182.4972944475735
259,1182.4972944475735,1182.4972944475735,1182.4972944475735
260,1182.4972944475735,1182.4972944475735,1182.4972944475735
261,1182.4972944475735,1182.4972944475735,1182.4972944475735
262,1182.4972944475735,1182.4972944475735,1182.4972944475735
263,1182.4972944475735,1182.4972944475735,1182.4972944475735
264,1182.4972944475735,1182.4972944475735,1182.4972944475735
265,1182.4972944475735,1182.4972944475735,1182.4972944475735
266,1182.4972944475735,1182.4972944475735,1182.4972944475735
267,1182.4972944475735,1182.4972944475735,1182.4972944475735
268,1182.4972944475735,1182.4972944475735,1182.4972944475735
269,1182.4972944475735,1182.4972944475735,1182.4972944475735
270,1182.4972944475735,1182.4972944475735,1182.4972944475735
271,1182.4972944475735,1182.4972944475735,1182.4972944475735
272,1182.4972944475735,1182.4972944475735,1182.4972944475735
273,1182.4972944475735,1182.4972944475735,1182.4972944475735
274,1182.4972944475735,1182.4972944475735,1182.4972944475735
275,1182.4972944475735,1182.4972944475735,1182.4972944475735
276,1182.4972944475735,1182.4972944475735,1182.4972944475735
277,1182.4972944475735,1182.4972944475735,1182.4972944475735
278,1182.4972944475735,1182.4972944475735,1182.4972944475735
279,1182.4972944475735,1182.4972944475735,1182.4972944475735
280,1182.4972944475735,1182.4972944475735,1182.4972944475735
281,1182.4972944475735,1182.4972944475735,1182.4972944475735
282,1182.4972944475735,1182.4972944475735,1182.4972944475735
283,1182.4972944475735,1182.4972944475735,1182.4972944475735
284,1182.4972944475735,1182.4972944475735,1182.4972944475735
285,1182.4972944475735,1182.4972944475735,1182.4972944475735
286,1182.4972944475735,1182.4972944475735,1182.4972944475735
287,1182.4972944475735,1182.4972944475735,1182.4972944475735
288,1182.4972944475735,1182.4972944475735,1182.4972944475735
289,1182.4972944475735,1182.4972944475735,1182.4972944475735
290,1182.4972944475735,1182.4972944475735,1182.4972944475735
291,1182.4972944475735,1182.4972944475735,1182.4972944475735
292,1182.4972944475735,1182.4972944475735,1182.4972944475735
293,1182.4972944475735,1182.4972944475735,1182.4972944475735
294,1182.4972944475735,1182.4972944475735,1182.4972944475735
295,1182.4972944475735,1182.4972944475735,1182.4972944475735
296,1182.4972944475735,1182.4972944475735,1182.4972944475735
297,1182.4972944475735,1182.4972944475735,1182.4972944475735
298,1182.4972944475735,1182.4972944475735,1182.4972944475735
299,1182.4972944475735,1182.4972944475735,1182.4972944475735
300,1182.4972944475735,1182.4972944475735,1182.4972944475735
