Random11.tsp 100 100 .2 .01 9
Sample from Crowd: [5 9 2 11 8 10 3 7 1 6 4 5] 351.04587994185
 1 [0 0 0 0 0 0 7 9 0 0 2 0]
 2 [0 0 0 2 0 0 0 0 0 9 0 7]
 3 [0 0 0 0 0 0 0 9 0 0 5 2]
 4 [0 0 0 0 0 9 7 0 0 0 0 2]
 5 [0 0 0 0 0 0 0 0 0 9 0 0]
 6 [0 0 0 0 0 0 0 0 4 0 0 0]
 7 [0 0 0 0 0 0 0 0 0 0 0 0]
 8 [0 0 0 0 0 0 0 0 0 0 9 5]
 9 [0 0 0 0 0 0 0 0 0 0 0 0]
10 [0 0 0 0 0 0 0 0 0 0 0 2]
11 [0 0 0 0 0 0 0 0 0 0 0 0]
Edge List: [0 7 9 10 5 0 8 0 11 0 0 0]
Subpaths: [[1 7] [2 9] [3 10] [4 5] [6 8 11]]
Final Path: [8 6 4 5 9 2 1 7 10 3 11 8] 417.8018544719521

Random11.tsp 100 100 .2 .01 9
Sample from Crowd: [4 5 9 2 11 3 7 1 10 8 6 4] 354.8731614418321
 1 [0 0 0 0 0 0 5 9 0 0 4 0]
 2 [0 0 0 0 0 0 0 0 0 9 0 9]
 3 [0 0 0 0 0 0 0 9 0 0 5 4]
 4 [0 0 0 0 0 9 8 0 1 0 0 0]
 5 [0 0 0 0 0 0 0 0 0 9 0 0]
 6 [0 0 0 0 0 0 0 0 5 0 0 0]
 7 [0 0 0 0 0 0 0 0 0 0 0 0]
 8 [0 0 0 0 0 0 0 0 0 0 8 4]
 9 [0 0 0 0 0 0 0 0 0 0 0 0]
10 [0 0 0 0 0 0 0 0 0 0 0 1]
11 [0 0 0 0 0 0 0 0 0 0 0 0]
Edge List: [0 7 9 10 5 0 8 0 11 0 0 0]
Subpaths: [[1 7] [2 9] [3 10] [4 5] [6 8 11]]
Final Path: [8 6 4 5 9 2 1 7 10 3 11 8] 417.8018544719521

Random11.tsp 100 100 .2 .01 9
Sample from Crowd: [1 7 3 10 8 11 2 9 5 4 6 1] 351.04587994185
 1 [0 0 0 0 0 0 5 9 0 0 4 0]
 2 [0 0 0 0 0 0 0 0 0 9 0 9]
 3 [0 0 0 0 0 0 0 9 0 0 5 4]
 4 [0 0 0 0 0 9 7 0 1 0 1 0]
 5 [0 0 0 0 0 0 0 0 0 9 0 0]
 6 [0 0 0 0 0 0 0 0 6 0 0 0]
 7 [0 0 0 0 0 0 0 0 0 0 0 0]
 8 [0 0 0 0 0 0 0 0 0 0 7 4]
 9 [0 0 0 0 0 0 0 0 0 0 0 0]
10 [0 0 0 0 0 0 0 0 0 0 0 1]
11 [0 0 0 0 0 0 0 0 0 0 0 0]
Edge List: [0 7 9 10 5 0 8 0 11 0 0 0]
Subpaths: [[1 7] [2 9] [3 10] [4 5] [6 8 11]]
Final Path: [8 6 4 5 9 2 1 7 10 3 11 8] 417.8018544719521


Random44.tsp 100 100 .2 .01 9
Sample from Crowd: [7 27 33 20 1 13 16 43 17 44 2 31 26 29 34 12 19 28 30 22 15 23 18 37 41 42 3 40 38 4 5 6 8 9 25 11 24 32 10 39 35 21 36 14 7] 910.6842872525372
Edge List: [0 13 31 38 5 6 8 23 20 25 39 24 19 15 36 16 37 29 21 32 30 35 28 44 34 0 0 33 41 0 0 0 43 42 0 40 0 0 0 0 0 0 0 0 0]
Subpaths: [[1 13 15 16 37] [2 31] [3 38] [4 5 6 8 20 30] [7 23 44] [9 25] [10 39] [11 24 34] [12 19 32 43] [14 36] [17 29] [18 21 35 40] [22 28 41] [27 33 42]]
Final Path: [5 6 8 20 30 12 19 32 43 34 24 11 25 9 29 17 44 23 7 27 33 42 41 28 22 1 13 15 16 37 36 14 2 31 18 21 35 40 39 10 38 3 4 5] 737.2637117610709

Random44.tsp 100 100 .2 .01 9
Sample from Crowd: [21 31 29 24 44 26 23 7 27 18 2 43 15 16 19 34 11 25 9 17 32 28 20 8 6 40 39 10 35 37 22 30 12 13 1 33 5 4 38 3 42 41 14 36 21] 838.9389161308883
Edge List: [0 13 21 42 5 33 20 27 28 24 39 25 30 32 36 16 37 43 23 22 31 35 0 26 34 29 44 41 0 0 0 0 0 38 0 40 0 0 0 0 0 0 0 0 0]
Subpaths: [[1 13 32] [2 21 35 40] [3 42] [4 5 33 38] [6 20 31] [7 27 41] [8 28] [9 24 34] [10 39] [11 25 29] [12 30] [14 36] [15 16 37] [17 43] [18 23 26 44] [19 22]]
Final Path: [5 33 38 10 39 40 35 21 2 31 20 6 8 28 30 12 19 22 1 13 32 15 16 37 41 27 7 18 23 26 44 17 43 29 25 11 9 24 34 14 36 42 3 4 5] 819.142120417195

Random44.tsp 100 100 .2 .01 9
Sample from Crowd: [13 6 20 30 22 28 1 19 12 34 15 32 16 36 21 14 43 17 44 24 11 25 9 29 31 26 2 18 23 7 27 35 37 41 39 10 40 38 33 5 4 3 42 8 13] 709.2267887254748
Edge List: [0 13 26 42 5 33 8 27 20 25 39 24 19 15 36 43 32 44 23 22 30 37 28 31 34 29 0 35 0 0 0 0 0 38 0 40 0 41 0 0 0 0 0 0 0]
Subpaths: [[1 13 15 43] [2 26] [3 42] [4 5 33 38] [6 8 20 30] [7 27 35 40] [9 25 29] [10 39] [11 24 34] [12 19 22 28] [14 36] [16 32] [17 44] [18 23 31] [21 37 41]]
Final Path: [26 2 10 39 6 8 20 30 12 19 22 28 1 13 15 43 17 44 29 25 9 11 24 34 32 16 14 36 21 37 41 42 3 4 5 33 38 40 35 27 7 18 23 31 26] 660.1638798487608

Random97.tsp 100 200 .2 .1 9
Sample from Crowd: [86 87 8 68 43 93 82 79 62 89 63 44 17 30 77 26 69 37 84 88 41 13 3 33 10 42 27 47 76 65 29 7 31 39 55 35 54 9 95 12 32 25 80 48 20 51 71 11 66 59 49 15 36 64 23 67 1 90 16 5 97 52 61 45 78 22 70 83 6 75 46 21 4 38 58 56 50 40 60 81 94 53 85 96 34 72 2 91 18 73 57 28 14 74 24 19 92 86] 1359.2255242961987
Edge List: [0 90 72 13 19 67 83 31 11 73 42 66 32 26 78 36 87 44 91 24 51 46 70 97 75 64 37 47 45 33 77 39 89 54 96 55 43 69 40 57 50 88 61 68 95 0 60 76 62 59 82 71 80 85 65 0 58 0 93 0 81 0 79 0 0 0 86 0 0 84 74 0 0 0 0 0 94 0 0 0 0 0 0 0 0 0 92 0 0 0 0 0 0 0 0 0 0 0]
Subpaths: [[1 90] [2 72] [3 13 26 37 69 84] [4 19 24 75] [5 67] [6 83] [7 31 39 57] [8 11 66 86 92] [9 73] [10 42 61] [12 32 89] [14 78] [15 36 43 68] [16 87] [17 44 95] [18
91] [20 51 71] [21 46 60 81] [22 70 74] [23 97] [25 64] [27 47 76 94] [28 45] [29 33 54 65] [30 77] [34 96] [35 55] [38 40 50 82] [41 88] [48 62 79] [49 59] [52 80] [53 85] [56 58 93]]
Final Path: [50 82 52 80 41 88 84 69 37 26 13 3 30 77 17 44 95 89 32 12 9 73 18 91 57 39 31 7 35 55 83 6 75 24 19 4 94 76 47 27 65 54 33 29 28 45 14 78 22 70 74 2 72 10 42 61 25 64 23 97 5 67 1 90 16 87 92 86 66 11 8 68 43 36 15 49 59 71 51 20 48 62 79 53 85 96 34 21 46 60 81 93 58 56 38 40 50] 1102.6424028956474

Random97.tsp 100 200 .2 .1 20
Sample from Crowd: [92 86 87 66 11 8 68 16 84 13 77 30 54 35 55 39 76 23 97 50 40 38 71 20 61 29 7 9 95 63 89 48 81 60 51 49 36 15 5 90 44 17 73 91 57 18 31 28 14 74 70 22 78 45 65 64 52 80 25 83 6 75 82 79 53 94 4 72 2 10 19 96 85 34 21 46 47 27 12 32 1 67 43 59 58 56 93 62 24 42 33 3 26 37 69 41 88 92] 1556.4396327601485
Edge List: [0 67 72 13 19 36 83 29 68 73 42 66 89 26 45 49 90 44 31 24 51 34 78 97 46 61 37 47 39 57 77 33 63 54 85 55 43 69 50 76 82 88 75 59 95 65 62 74 81 53 93 71 80 79 0 0 58 91 0 0 94 64 96 84 0 0 86 0 87 0 0 0 0 0 0 0 0 0 0 0 0 0 0 0 0 0 92 0 0 0 0 0 0 0 0 0 0 0]
Subpaths: [[1 67] [2 72] [3 13 26 37 69] [4 19 24 46 62 96] [5 36 43 59] [6 83] [7 29 57 91] [8 68 87] [9 73] [10 42 75] [11 66 86 92] [12 89] [14 45 65] [15 49 53 79] [16 90] [17 44 95] [18 31 33 54] [20 51 71] [21 34 85] [22 78] [23 97] [25 61 64] [27 47 74] [28 39 76] [30 77] [32 63 84] [35 55] [38 50 93] [40 82] [41 88] [48 81] [52 80] [56 58] [60 94]]
Final Path: [77 17 44 95 9 73 18 31 33 54 35 55 7 29 57 91 28 39 76 65 45 14 74 47 27 10 42 75 6 83 22 78 2 72 82 40 93 50 38 56 58 92 86 66 11 8 68 87 16 90 1 67 5 36 43 59
71 51 20 48 81 60 94 96 62 46 24 19 4 21 34 85 79 53 49 15 97 23 64 61 25 80 52 89 12 32 63 84 88 41 69 37 26 13 3 30 77] 1148.4429618978925

Random97.tsp 100 200 .2 .1 20
Sample from Crowd: [70 74 2 10 49 15 36 43 68 8 92 86 87 16 90 1 63 32 89 64 80 52 48 58 66 11 56 38 40 50 81 60 94 85 96 4 34 21 46 72 14 45 54 26 37 13 3 33 39 55 35 47 76
65 28 7 29 31 18 44 17 77 30 69 41 84 88 95 12 73 9 57 91 83 6 75 53 79 82 93 71 59 5 67 61 42 24 19 62 20 51 97 23 25 27 78 22 70] 1275.5052382336949
Edge List: [0 63 74 13 19 67 83 29 68 73 72 66 32 26 45 36 90 44 31 24 51 34 78 97 46 80 37 47 39 91 77 57 89 54 96 55 43 69 56 70 50 84 61 87 95 65 75 76 62 59 82 71 64 85 0 0 58 0 86 92 81 0 93 88 0 0 0 0 0 0 0 0 0 0 0 0 0 0 0 94 0 0 0 0 0 0 0 0 0 0 0 0 0 0 0 0 0 0]
Subpaths: [[1 63 88] [2 74] [3 13 26 37 69] [4 19 24 46 75] [5 67] [6 83] [7 29 91] [8 68] [9 73] [10 72] [11 66] [12 32 89] [14 45 65] [15 36 43 87] [16 90] [17 44 95] [18 31 57] [20 51 71] [21 34 96] [22 78] [23 97] [25 80] [27 47 76] [28 39 70] [30 77] [33 54] [35 55] [38 56 58 86] [40 50 82] [41 84] [42 61] [48 62 93] [49 59 92] [52 64] [53 85] [60 81] [79 94]]
Final Path: [40 38 56 58 86 87 43 36 15 5 67 16 90 1 63 88 41 84 69 37 26 13 3 30 77 17 44 95 12 32 89 23 97 64 52 80 25 61 42 10 72 2 74 70 39 28 7 29 91 57 31 18 73 9 33 54 35 55 66 11 68 8 92 59 49 71 51 20 85 53 60 81 93 62 48 27 47 76 65 45 14 78 22 83 6 75 46 24 19 4 21 34 96 94 79 82 50 40] 1148.9173674945987
Running time: 7.9020548s

